info {
bg:0
}

tiles {
1,1,1,1,1,1,1,1,1,1,1,1,1,1,1,1,1,1,1,1,1,1,1,1,1,1,1,1,1,1,1,1,1,1,1,1,1,1,1,1
1,15,15,15,15,15,15,12,15,15,15,15,15,15,15,15,15,15,15,13,2,6,6,6,6,6,6,6,6,6,6,6,6,6,6,6,6,6,6,1
1,15,15,15,15,15,15,15,15,15,15,15,15,15,15,15,15,15,15,13,2,6,6,6,6,6,6,6,6,6,6,6,6,6,6,6,6,6,6,1
1,15,15,15,15,15,15,14,15,15,15,15,15,15,15,15,15,15,15,13,2,6,6,6,6,6,6,6,6,6,6,6,6,6,6,6,6,6,6,1
1,15,15,15,1,1,1,1,1,1,1,1,1,12,12,12,17,15,15,15,6,6,6,1,1,1,1,1,1,1,2,6,6,4,1,1,6,6,6,1
1,15,15,15,1,16,12,12,12,12,17,1,1,15,15,15,13,15,15,15,6,6,6,1,1,1,1,1,1,6,6,6,6,6,6,1,6,6,6,1
1,15,15,15,1,11,15,15,15,15,13,1,1,15,15,15,13,15,15,15,6,6,6,6,6,6,6,1,1,6,6,6,6,6,6,3,6,6,6,1
1,11,15,13,1,11,15,15,15,15,13,1,1,15,15,15,13,15,15,15,6,6,6,6,6,6,6,1,1,6,6,6,6,6,6,6,6,6,6,1
1,15,15,15,1,19,14,15,15,14,18,1,1,15,15,15,13,15,15,15,1,6,6,6,6,6,6,1,1,6,6,6,6,6,6,6,6,6,6,1
1,15,15,15,1,15,15,15,15,15,15,1,1,15,15,15,13,15,15,15,6,6,6,6,6,6,6,1,1,6,6,6,6,6,6,5,6,6,6,1
1,15,15,15,1,15,15,15,15,15,15,15,15,15,15,15,13,15,15,15,6,6,6,6,6,6,6,1,1,6,6,6,6,6,6,1,6,6,6,1
1,15,15,15,1,15,15,15,15,15,15,15,15,15,15,15,13,15,15,15,6,6,6,2,6,6,6,6,6,6,6,6,6,6,6,1,6,6,6,1
1,15,15,15,1,15,15,15,15,15,15,15,15,15,15,15,13,15,15,15,6,6,6,2,6,6,6,6,6,6,6,6,6,6,6,1,6,6,6,1
1,15,15,15,1,15,15,15,15,15,15,1,1,15,15,15,15,15,15,15,6,6,6,2,6,6,6,6,6,6,6,6,6,6,6,1,6,6,6,1
1,15,15,15,12,15,15,15,15,15,15,1,1,15,15,15,15,15,15,15,6,6,6,2,6,6,6,1,1,6,6,6,6,6,6,1,6,6,6,1
1,15,15,15,15,15,15,15,15,15,15,1,1,15,15,15,15,15,15,1,6,6,6,2,6,6,6,1,1,7,3,6,6,3,8,1,6,6,6,1
1,15,15,15,15,15,15,15,15,15,15,1,1,15,15,15,15,15,15,15,6,6,6,2,6,6,6,1,1,2,6,6,6,6,4,1,2,6,4,1
1,15,15,15,14,15,15,15,15,15,15,1,1,15,15,15,15,15,15,15,6,6,6,2,6,6,6,1,1,2,6,6,6,6,4,1,6,6,6,1
1,15,15,15,1,15,15,15,15,15,15,1,1,1,1,1,1,15,15,15,6,6,6,2,6,6,6,1,1,10,5,5,5,5,9,1,6,6,6,1
1,15,15,15,1,1,11,15,15,13,1,1,1,1,1,1,1,15,15,15,6,6,6,10,5,5,5,1,1,1,1,1,1,1,1,1,6,6,6,1
1,15,15,15,15,15,15,15,15,15,15,15,15,15,15,15,15,15,15,13,2,6,6,6,6,6,6,6,6,6,6,6,3,6,6,6,6,6,6,1
1,15,15,15,15,15,15,15,15,15,15,15,15,15,15,15,15,15,15,13,2,6,6,6,6,6,6,6,6,6,6,6,6,6,6,6,6,6,6,1
1,15,15,15,15,15,15,15,15,15,15,15,15,15,15,15,15,15,15,13,2,6,6,6,6,6,6,6,6,6,6,6,5,6,6,6,6,6,6,1
1,1,1,1,1,1,1,1,1,1,1,1,1,1,1,1,1,1,1,1,1,1,1,1,1,1,1,1,1,1,1,1,1,1,1,1,1,1,1,1
}

collision {
(224,128),(224,112),(256,112),(256,128),(544,128),(544,416),(528,416),(528,144),(416,144),(416,320),(352,320),(352,288),(288,288),(288,272),(336,272),(336,176),(176,176),(176,272),(224,272),(224,288),(160,288),(160,464),(128,464),(128,256),(112,256),(112,224),(128,224),(128,128),(224,128)
(32,224),(48,224),(48,256),(32,256),(32,736),(624,736),(624,640),(656,640),(656,736),(1024,736),(1024,720),(1056,720),(1056,736),(1248,736),(1248,544),(1232,544),(1232,512),(1248,512),(1248,32),(656,32),(656,128),(624,128),(624,32),(256,32),(256,48),(224,48),(224,32),(32,32),(32,224)
(160,560),(160,608),(208,608),(208,640),(128,640),(128,560),(160,560)
(352,608),(352,416),(416,416),(416,576),(544,576),(544,640),(304,640),(304,608),(352,608)
(640,256),(672,256),(672,288),(640,288),(640,256)
(752,352),(752,624),(864,624),(864,448),(928,448),(928,480),(992,480),(992,496),(944,496),(944,592),(1104,592),(1104,496),(1056,496),(1056,480),(1120,480),(1120,304),(1152,304),(1152,512),(1168,512),(1168,544),(1152,544),(1152,640),(1056,640),(1056,656),(1024,656),(1024,640),(736,640),(736,352),(752,352)
(1120,208),(1120,160),(1072,160),(1072,128),(1152,128),(1152,208),(1120,208)
(928,160),(928,352),(864,352),(864,192),(736,192),(736,128),(976,128),(976,160),(928,160)
(640,480),(640,512),(608,512),(608,480),(640,480)
}

spawns {
(1,960,192);(1,960,240);(1,960,288);(1,960,336);(1,1088,448);(1,1088,400);(1,1088,352);(1,960,448);(0,320,576);(0,320,528);(0,320,480);(0,320,432);(0,272,432);(0,272,480);(0,272,528);(0,272,576);(0,192,320);(0,192,368);(0,192,416);(0,320,320);(0,192,576);(1,1088,192);(1,1008,192);(1,1008,240);(1,1008,288);(1,1008,336)
(2,304,240);(2,976,528);(2,480,176);(2,800,592);(2,64,64);(2,1216,704);(2,592,704);(2,688,64);(2,192,576);(2,1088,192);(2,592,64);(2,688,704);(2,448,544);(2,832,224)
}

waypoints {
(80,80);(576,80);(592,208);(640,384);(480,208);(480,528);(480,368);(272,368);(256,224);(1024,544);(800,592);(800,400);(800,240);(704,208);(576,544);(688,544);(80,688);(1024,256);(80,512);(80,688);(256,512);(256,688);(576,688);(704,688);(1200,688);(1200,256);(1200,80);(1024,80);(704,80);(1008,400)
}

guns {
(17,192,256);(17,192,224);(17,192,240);(17,192,208);(17,192,192);(17,320,256);(17,320,240);(17,320,224);(17,320,208);(17,320,192);(18,960,576);(18,960,560);(18,960,544);(18,960,528);(18,960,512);(18,1088,576);(18,1088,560);(18,1088,544);(18,1088,528);(18,1088,512);(26,256,208);(26,256,192);(26,256,224);(26,256,240);(26,256,256);(26,1024,576);(26,1024,560);(26,1024,528);(26,1024,528);(26,1024,544);(26,1024,512);(20,992,576);(20,992,544);(20,992,528);(20,992,512);(19,288,256);(19,288,240);(19,288,224);(19,288,208);(19,288,192);(7,224,256);(7,224,240);(7,224,192);(7,224,208);(7,224,224);(7,1056,512);(7,1056,528);(7,1056,544);(7,1056,560);(7,1056,576);(25,240,192);(25,240,208);(25,240,224);(25,240,240);(25,240,256);(25,1040,576);(25,1040,560);(25,1040,544);(25,1040,528);(25,1040,512);(20,992,560)
}

guns_ffa {
}

flags {
(0,80,80);(1,1200,688)
}